192.002	0.135004
192.002	0.135004
165.591	0.0671753
173.579	0.154514
173.579	0.146121
173.579	0.146121
173.579	0.154514
132.575	0.055503
132.575	0.0555035
103.732	0.136117
103.732	0.165091
103.732	0.139743
103.732	0.162033
40.1353	0.113861
40.1353	0.128363
57.6048	0.10871
57.6048	0.22856
57.6048	0.10871
14.6301	0.0654209
14.6301	0.134597
122.606	0.030171
122.606	0.0301713
119.123	0.0767605
119.123	0.0767602
101.254	0.0522509
101.254	0.0522512
115.218	0.0666313
115.218	0.0666317
93.2635	0.0576456
93.2635	0.0576453
45.9086	0.161872
23.4737	0.126777
23.4737	0.100968
135.318	0.139113
153.895	0.187983
153.895	0.11408
153.895	0.114079
142.911	0.115229
142.911	0.115228
87.3349	0.0473283
87.3349	0.0473279
35.2346	0.0968176
35.2346	0.0968175
78.5906	0.0476758
78.5906	0.0476762
127.134	0.212249
127.134	0.100914
11.859	0.215828
11.859	0.0962179
195.905	0.0305503
195.905	0.0305504
176.156	0.093229
176.156	0.093229
112.486	0.0543029
50.051	0.110618
50.051	0.138907
117.254	0.0590868
117.254	0.0590872
78.4128	0.128187
78.4128	0.133443
123.439	0.07161
123.439	0.0716097
5.57374	0.0720567
38.6623	0.189199
38.6623	0.114649
172.458	0.103418
172.458	0.103417
156.784	0.0844659
156.784	0.0844662
17.339	0.0806164
17.339	0.0806162
62.8988	0.0808374
62.8988	0.0808372
61.8085	0.0401097
61.8085	0.0401097
195.225	0.0367111
195.225	0.0367109
16.4167	0.111233
16.4167	0.0952233
28.5036	0.0722963
25.494	0.102845
25.494	0.114424
75.6695	0.116496
75.6695	0.116496
133.734	0.0781302
76.5518	0.0727176
65.8512	0.0396249
65.8512	0.0396245
31.7009	0.174679
31.7009	0.0892872
98.2162	0.0877452
98.2162	0.0877454
107.466	0.0572599
107.466	0.0572597
95.5226	0.100778
95.5226	0.100779
92.2434	0.0931535
157.559	0.108718
157.559	0.108718
53.1687	0.0805678
53.1687	0.0805682
134.468	0.24795
134.468	0.0551482
17.8865	0.0639575
17.8865	0.235021
17.8865	0.239716
180.04	0.138826
180.04	0.161797
180.04	0.161796
180.04	0.138826
48.6228	0.0689514
48.6228	0.068951
182.983	0.0871068
182.983	0.0871066
135.87	0.0496899
135.87	0.0496896
117.094	0.127896
117.094	0.148326
165.406	0.116481
165.406	0.116481
179.226	0.05171
179.226	0.0517097
109.838	0.0722194
109.838	0.072219
109.838	0.2528
99.072	0.122729
99.072	0.11491
137.887	0.02587
137.887	0.0258698
41.1026	0.0408866
41.1026	0.0408866
68.1264	0.089576
68.1264	0.0895759
52.1716	0.131589
52.1716	0.143032
52.1716	0.160297
52.141	0.105007
129.293	0.12403
172.988	0.121176
172.988	0.17147
116.427	0.244142
91.299	0.107271
91.299	0.212022
91.299	0.107271
53.8096	0.0405705
53.8096	0.0405703
106.245	0.0783517
106.245	0.0783518
100.143	0.100988
48.9636	0.0876273
48.9636	0.137456
13.1886	0.0924152
182.834	0.0847561
182.834	0.0847559
156.955	0.0444052
138.955	0.114902
138.955	0.122231
112.567	0.0635315
112.567	0.0635315
7.87684	0.0497387
7.87684	0.0497382
184.935	0.0819097
184.935	0.0819101
189.315	0.0707706
189.315	0.0707702
187.6	0.106499
187.6	0.119965
148.159	0.0937601
148.159	0.0937604
11.5219	0.199128
169.426	0.0198769
169.426	0.0198771
101.342	0.0466521
101.342	0.0466523
133.777	0.068926
133.777	0.0689258
195.177	0.0300535
195.177	0.0300533
48.8928	0.13334
48.8928	0.149083
73.5574	0.0726333
73.5574	0.0726331
145.484	0.0855698
145.484	0.0855701
92.7749	0.0355932
92.7749	0.0355931
169.153	0.00826991
169.153	0.00826985
193.8	0.0880217
193.8	0.213109
193.8	0.0880219
163.314	0.0261794
163.314	0.0261794
22.7177	0.157865
22.7177	0.0688563
141.785	0.130874
141.785	0.114891
122.838	0.0594351
122.838	0.0594349
36.7065	0.127579
36.7065	0.127579
169.974	0.140395
105.617	0.0920775
105.617	0.0920777
130.065	0.122255
130.065	0.122255
175.025	0.119078
175.025	0.119078
65.5431	0.0504321
65.5431	0.0504324
66.687	0.0957446
66.687	0.0957445
143.018	0.193603
143.018	0.110072
143.018	0.110072
80.0816	0.0999434
80.0816	0.0999436
129.094	0.119068
129.094	0.181524
129.094	0.156803
135.543	0.0942492
135.543	0.0942492
30.2671	0.0946381
30.2671	0.145933
181.022	0.150488
181.022	0.150487
124.017	0.0699028
124.017	0.0699026
146.976	0.110367
146.976	0.110367
44.8037	0.0828661
44.8037	0.0828664
103.991	0.0438384
103.991	0.0438386
154.61	0.0759345
154.61	0.0759347
40.2688	0.0567595
40.2688	0.056759
144.073	0.0588615
144.073	0.0588619
193.693	0.178155
193.693	0.0526621
13.4881	0.18104
13.4881	0.120103
13.4881	0.120103
42.5676	0.0392785
42.5676	0.0392788
190.52	0.0639682
190.52	0.0639685
149.152	0.0829232
149.152	0.0829236
173.057	0.177362
95.088	0.0581478
95.088	0.0581478
24.6896	0.13536
24.6896	0.090912
49.416	0.108848
49.416	0.108849
116.495	0.156127
116.495	0.144669
116.495	0.144668
116.495	0.156127
173.959	0.128633
173.959	0.172178
173.959	0.128633
125.394	0.0749804
51.9908	0.0205812
51.9908	0.0205815
180.556	0.0168907
180.556	0.016891
55.4494	0.112027
55.4494	0.112424
15.9133	0.188192
15.9133	0.110699
68.7285	0.0453705
68.7285	0.0453703
76.0274	0.0444878
76.0274	0.278359
157.931	0.0456623
157.931	0.0456622
66.0012	0.0661999
66.0012	0.0662001
19.9838	0.0924781
19.9838	0.132287
19.9838	0.214547
128.708	0.148233
128.708	0.143432
23.6895	0.126889
23.6895	0.197519
119.593	0.161499
155.78	0.0763698
155.78	0.0763697
129.452	0.0864035
54.2181	0.114378
54.2181	0.0889312
165.012	0.0613273
165.012	0.0613272
84.3044	0.0221751
84.3044	0.0221751
57.5012	0.100586
57.5012	0.100587
108.417	0.0846179
108.417	0.0846177
108.417	0.215981
137.109	0.0977629
137.109	0.0977631
87.8857	0.0656275
160.725	0.11079
160.725	0.11079
171.948	0.0811808
171.948	0.0811808
84.9432	0.101903
84.9432	0.101904
91.6923	0.284766
91.6923	0.0613741
91.6923	0.0613741
110.769	0.0697368
110.769	0.0697366
175.807	0.0302448
175.807	0.0302446
76.2376	0.0839845
76.2376	0.0839842
41.2321	0.0768369
41.2321	0.0768367
113.03	0.0627627
113.03	0.0627622
72.9284	0.131005
72.9284	0.0989581
20.958	0.0530864
20.958	0.0530861
128.66	0.0944176
128.66	0.0944179
7.31034	0.219942
102.509	0.118206
102.509	0.118206
41.5913	0.0448313
31.913	0.058869
31.913	0.0588686
98.7612	0.063526
98.7612	0.0635258
71.2447	0.0842466
71.2447	0.240993
71.2447	0.0842465
51.5377	0.27179
51.5377	0.0406424
51.5377	0.040642
40.441	0.0500039
40.441	0.0500044
29.4091	0.120007
29.4091	0.0829242
166.908	0.0264715
166.908	0.0264719
148.374	0.114635
148.374	0.114635
53.3241	0.0553816
53.3241	0.0553816
57.9774	0.154023
57.9774	0.154023
77.2566	0.099012
77.2566	0.0990124
92.8384	0.119385
92.8384	0.119384
11.1824	0.10649
11.1824	0.10649
44.9396	0.0736933
44.9396	0.0736936
54.6987	0.0675744
54.6987	0.206344
54.6987	0.157087
59.6721	0.207009
59.6721	0.0915512
107.818	0.0544716
107.818	0.0544713
113.729	0.0500764
113.729	0.0500766
16.652	0.068912
132.658	0.0406427
145.227	0.0814589
145.227	0.081459
107.808	0.0496431
107.808	0.0496427
131.534	0.0500615
131.534	0.0500611
16.2103	0.0850058
16.2103	0.0850058
41.1711	0.273116
41.1711	0.0320891
181.953	0.0638305
181.953	0.250289
89.131	0.11612
89.131	0.11612
191.434	0.115239
191.434	0.115238
78.9445	0.0242764
78.9445	0.0242761
60.3777	0.0611566
60.3777	0.0611568
47.1376	0.075711
47.1376	0.0757112
167.219	0.111465
167.219	0.111466
138.804	0.0519535
138.804	0.0519537
72.0457	0.25675
72.0457	0.0784391
72.0457	0.0784388
48.5311	0.0967662
48.5311	0.132716
185.503	0.0262987
185.503	0.17473
30.7549	0.114579
30.7549	0.114579
95.5978	0.0772603
95.5978	0.0772606
197.158	0.100022
197.158	0.100022
161.108	0.0886949
161.108	0.0886952
170.544	0.109543
170.544	0.0942965
15.2328	0.285642
15.2328	0.174351
15.2328	0.137045
134.348	0.0766078
134.348	0.0766081
89.1907	0.0908394
89.1907	0.0908394
178.925	0.0932201
178.925	0.0932204
178.925	0.249376
25.84	0.0639913
25.84	0.0639915
30.6127	0.100108
30.6127	0.10519
52.5538	0.136749
52.5538	0.128242
83.0376	0.0575952
83.0376	0.0575954
26.754	0.0566067
26.754	0.056607
117.675	0.107444
117.675	0.107444
189.932	0.0215365
189.932	0.0215361
69.2891	0.059345
69.2891	0.059345
112.522	0.0228673
112.522	0.0228671
129.618	0.100592
129.618	0.100592
129.618	0.281539
101.374	0.0664738
63.4913	0.0981325
63.4913	0.115453
108.055	0.112682
108.055	0.188577
108.055	0.112682
68.913	0.134175
68.913	0.134176
191.658	0.104341
191.658	0.104341
148.377	0.0594076
148.377	0.059408
109.78	0.109342
109.78	0.109342
198.875	0.0763758
198.875	0.0763756
193.481	0.110418
193.481	0.110418
139.259	0.0723954
139.259	0.0723957
153.631	0.074674
146.426	0.00590153
146.426	0.00590124
14.152	0.228867
162.905	0.0734296
162.905	0.07343
8.23124	0.150108
84.4251	0.0227189
84.4251	0.0227188
78.2704	0.0376764
78.2704	0.0376767
137.046	0.109443
17.1762	0.209415
17.1762	0.12845
17.1762	0.12845
172.53	0.0946951
172.53	0.0946949
27.4566	0.0407094
27.4566	0.0407097
159.502	0.0580097
21.6125	0.0881369
21.6125	0.16956
164.159	0.121681
164.159	0.096675
145.552	0.0290946
145.552	0.0290942
139.926	0.114196
139.926	0.193918
139.926	0.114196
108.856	0.173062
108.856	0.134513
108.856	0.283113
42.6958	0.0503231
42.6958	0.0503234
135.806	0.0764883
135.806	0.0764887
54.1347	0.0430208
54.1347	0.0430213
181.277	0.0942702
181.277	0.09427
57.7518	0.164574
92.1031	0.092305
92.1031	0.0923047
169.318	0.0377284
169.318	0.0377286
111.476	0.0867971
111.476	0.086797
90.2097	0.109763
90.2097	0.109763
77.3029	0.0166121
77.3029	0.0166122
87.4133	0.0985426
87.4133	0.0985429
14.0836	0.189099
14.0836	0.0550645
10.5461	0.104544
10.5461	0.196792
171.369	0.0946287
171.369	0.0946287
117.756	0.121011
172.879	0.0685159
172.879	0.24089
172.879	0.068516
15.4365	0.0587503
63.9745	0.0828672
63.9745	0.0828674
48.3524	0.128434
48.3524	0.202677
123.11	0.0966529
123.11	0.118722
54.3768	0.0450711
54.3768	0.0450706
117.535	0.0647967
117.535	0.0647963
165.712	0.109328
165.712	0.101548
113.693	0.0495093
113.619	0.0746039
135.648	0.230572
135.648	0.044784
174.113	0.0115961
174.113	0.0115965
24.5893	0.101906
24.5893	0.126126
165.954	0.0524521
165.954	0.0524516
81.7882	0.0205981
81.7882	0.0205983
141.542	0.118091
141.542	0.106899
85.6106	0.115597
85.6106	0.115597
139.126	0.0868434
139.126	0.154518
96.3754	0.0767327
57.3388	0.121553
57.3388	0.168641
57.3388	0.138826
48.2823	0.114394
48.2823	0.114395
67.7126	0.142085
67.7126	0.1404
181.375	0.0786885
181.375	0.0786882
101.571	0.0425201
101.571	0.208547
150.306	0.123938
150.306	0.134211
105.371	0.0853169
105.371	0.0853167
32.5737	0.109948
32.5737	0.108163
28.974	0.149824
28.974	0.125489
38.4667	0.0560968
38.4667	0.251341
38.4751	0.0887726
38.4751	0.0887722
48.4961	0.0564425
48.4961	0.0564421
189.471	0.0890746
189.471	0.215636
189.471	0.0890747
56.5252	0.0646133
56.5252	0.248205
56.5252	0.0646131
142.51	0.0703104
142.51	0.07031
186.092	0.0369168
186.092	0.0369171
56.9662	0.105828
56.9662	0.105828
140.283	0.0605768
140.283	0.0605763
104.391	0.0265265
104.391	0.0265262
118.265	0.0412851
118.265	0.0412851
135.553	0.0429043
26.7199	0.0495003
167.561	0.00726695
167.561	0.293724
167.561	0.0072672
199.789	0.12052
199.789	0.12052
92.3055	0.0713983
92.3055	0.0713984
106.231	0.0687331
106.231	0.0687334
88.6302	0.0883278
88.6302	0.088328
122.798	0.053471
122.798	0.0534709
20.3016	0.103728
20.3016	0.103727
187.75	0.050921
187.75	0.0509209
95.0979	0.0473312
9.21914	0.0994836
9.21914	0.0994838
158.174	0.090979
158.174	0.0909786
125.835	0.0467401
125.835	0.04674
26.625	0.0338193
26.625	0.0338196
41.5758	0.114259
41.5758	0.114259
90.0704	0.120581
90.0704	0.112235
15.3024	0.173692
15.3024	0.173692
132.353	0.0794361
132.353	0.079436
170.557	0.124577
170.557	0.121873
196.459	0.0904465
196.459	0.0904464
38.4647	0.034155
38.4647	0.0341552
45.6406	0.121732
45.6406	0.121732
148.492	0.0870763
90.9402	0.0351164
90.9402	0.0351165
48.5674	0.0466939
48.5674	0.254944
48.5674	0.046694
61.3018	0.0783529
61.3018	0.0783532
189.257	0.0727086
189.257	0.0727085
38.4799	0.105743
38.4799	0.105743
169.845	0.0850241
9.2514	0.159322
78.7943	0.124549
78.7943	0.124549
171.072	0.110709
171.072	0.11071
169.642	0.0406846
169.642	0.0406849
71.7732	0.0976233
71.7732	0.0976235
52.2971	0.115589
52.2971	0.156195
63.7524	0.076973
63.7524	0.257712
63.7524	0.0769733
166.364	0.0514743
166.364	0.0514743
173.656	0.0960379
173.656	0.0960375
185.563	0.0525465
185.563	0.0525468
37.7416	0.118899
26.8178	0.0652417
26.8178	0.155455
26.8178	0.189535
98.0626	0.107211
98.0626	0.107212
23.3006	0.108524
23.3006	0.0989306
54.2424	0.0307727
54.2424	0.030773
109.679	0.114612
109.679	0.11783
166.494	0.0722435
166.494	0.0722433
53.6071	0.103979
53.6071	0.200588
53.6071	0.130011
53.6071	0.184781
33.5481	0.124567
73.1042	0.0481307
73.1042	0.286293
73.1042	0.0481309
114.473	0.0588221
114.473	0.0588223
192.584	0.121989
192.584	0.110373
182.074	0.0750466
182.074	0.0750464
172.841	0.0820089
172.841	0.0820087
153.377	0.100641
153.377	0.100641
93.0558	0.112166
93.0558	0.112166
25.6973	0.0473471
25.6973	0.0473474
182.706	0.119624
182.706	0.119624
32.575	0.0626357
32.575	0.0626354
14.8371	0.0330369
14.8371	0.19682
33.1118	0.0699893
33.1118	0.069989
164.972	0.0819698
164.972	0.0819698
57.2859	0.0869632
57.2859	0.0869635
57.2859	0.270746
65.097	0.114243
65.097	0.114243
187.345	0.123232
187.345	0.123232
86.8813	0.105957
86.8813	0.148389
181.513	0.0679707
181.513	0.0679708
104.92	0.067072
104.92	0.0670724
80.264	0.267924
80.264	0.0669534
80.264	0.0669531
39.954	0.0947376
39.954	0.0947379
98.5928	0.0662432
98.5928	0.0662428
196.549	0.0964172
196.549	0.0964174
16.7481	0.0812233
92.3027	0.0233444
92.3027	0.0233448
166.605	0.104978
166.605	0.104979
32.7342	0.0919519
32.7342	0.11342
24.198	0.0663091
24.198	0.25575
187.065	0.055603
187.065	0.0556034
58.4058	0.212055
58.4058	0.06703
31.0005	0.112916
131.031	0.135131
131.031	0.135131
35.4624	0.12553
35.4624	0.125529
52.2045	0.0609039
88.0446	0.0459815
88.0446	0.0459813
110.085	0.0795932
110.085	0.0795932
87.538	0.0293782
87.538	0.029378
117.511	0.0674124
117.511	0.0674125
77.6815	0.0423518
77.6815	0.0423514
151.001	0.100207
151.001	0.103372
124.323	0.0716174
124.323	0.243825
124.323	0.0716177
110.723	0.0713605
110.723	0.0713602
137.672	0.0654371
137.672	0.0654364
79.9304	0.0712002
79.9304	0.0712006
187.366	0.116208
13.5622	0.161086
144.923	0.0959776
144.923	0.0959777
60.9417	0.15677
60.9417	0.145486
60.9417	0.145486
105.408	0.098245
105.408	0.0982453
30.7356	0.0637972
149.395	0.128238
149.395	0.119198
57.1856	0.063174
57.1856	0.295442
57.1856	0.295442
114.779	0.193553
22.9131	0.0704907
181.912	0.0945268
181.912	0.0945266
115.365	0.119994
115.365	0.119994
115.642	0.0835039
115.642	0.0835039
179.414	0.107452
179.414	0.107452
5.67518	0.0946791
84.395	0.0362839
84.395	0.0362841
59.442	0.1245
144.003	0.0973303
144.003	0.0973299
108.488	0.0186798
108.488	0.0186799
87.7209	0.0861655
87.7209	0.0861657
18.7318	0.10456
18.7318	0.10456
102.796	0.0666558
102.796	0.0666558
184.773	0.121151
184.773	0.179883
78.8032	0.0639141
78.8032	0.274692
53.9911	0.21633
53.9911	0.0845584
53.9911	0.0845582
19.6564	0.140907
19.6564	0.140907
41.4508	0.0922399
133.209	0.085319
133.209	0.085319
155.288	0.080358
155.288	0.0803577
19.5937	0.108909
19.5937	0.108909
26.8232	0.0523781
26.8232	0.0523778
184.327	0.0935692
184.327	0.0935694
54.1819	0.0290671
54.1819	0.0290667
129.29	0.254604
129.29	0.0579194
129.29	0.266618
129.29	0.0579191
152.587	0.0246621
152.587	0.0246621
157.16	0.026768
157.16	0.0267685
86.1549	0.118333
86.1549	0.134366
139.357	0.0819679
139.357	0.0819681
119.713	0.116061
165.424	0.0490846
165.424	0.049085
103.789	0.0339688
103.789	0.0339687
31.0519	0.132298
71.5065	0.0971623
70.3584	0.042284
70.3584	0.268656
70.3584	0.0422839
71.2676	0.0425165
71.2676	0.0425165
188.179	0.105004
188.179	0.105005
71.8372	0.0464508
71.8372	0.0464512
157.898	0.10378
157.898	0.10378
44.9541	0.087794
44.9541	0.0877937
142.837	0.0767374
142.837	0.0767372
95.5907	0.136604
95.5907	0.134671
92.105	0.060543
92.105	0.0605431
161.364	0.0544751
161.364	0.054475
44.6866	0.0292745
44.6866	0.0292747
47.0637	0.110568
47.0637	0.143052
127.426	0.10065
127.426	0.221996
163.164	0.258342
163.164	0.0678271
163.164	0.0678269
42.3888	0.135512
42.3888	0.143092
140.462	0.0446691
140.462	0.0446694
81.5227	0.0514677
81.5227	0.0514679
182.734	0.109571
182.734	0.109571
26.7449	0.0128278
26.7449	0.0128281
27.4241	0.0187923
27.4241	0.208362
143.506	0.0379336
143.506	0.0379336
135.777	0.0480661
135.777	0.0480663
165.265	0.0929021
165.265	0.0929025
75.9607	0.0178386
75.9607	0.0178389
82.6192	0.0721189
82.6192	0.278885
82.6192	0.0721192
24.9061	0.0929001
24.9061	0.232696
24.9061	0.0929001
47.1123	0.144909
47.1123	0.144908
145.465	0.0547663
145.465	0.0547668
171.962	0.0817232
171.962	0.0817236
51.417	0.0283547
63.9381	0.0392246
63.9381	0.0392248
98.7347	0.0192762
159.449	0.0695956
159.449	0.069596
152.356	0.0945957
108.293	0.162279
108.293	0.0981305
170.802	0.100371
170.802	0.100371
72.8284	0.120442
72.8284	0.115039
155.316	0.0905256
155.316	0.090526
134.847	0.114457
134.847	0.114457
11.688	0.276563
11.688	0.20625
11.688	0.100691
152.233	0.105644
152.233	0.105644
115.529	0.0578742
115.529	0.0578745
148.006	0.165676
148.006	0.118648
85.842	0.114152
85.842	0.114152
85.842	0.186759
11.2895	0.105453
116.646	0.0363632
27.2446	0.0863622
117.383	0.0134825
117.383	0.0134828
110.348	0.0754441
110.348	0.0754439
22.0048	0.114547
22.0048	0.128776
196.009	0.0818066
196.009	0.0818069
114.391	0.194948
114.391	0.0325521
108.957	0.075119
108.957	0.0751193
96.1036	0.0343373
96.1036	0.0343375
45.1097	0.196115
45.1097	0.108707
45.1097	0.108707
48.7817	0.0468933
48.7817	0.0468927
33.22	0.096154
169.294	0.0772654
169.294	0.0772651
59.6669	0.00685603
59.6669	0.00685628
149.468	0.19666
149.468	0.105181
149.468	0.105181
151.611	0.100334
151.611	0.100334
167.875	0.0794921
167.875	0.0794923
50.9412	0.0145159
50.9412	0.014516
138.269	0.0659136
138.269	0.0659133
96.1317	0.05651
159.286	0.104271
159.286	0.104271
166.565	0.121522
166.565	0.121522
147.827	0.12204
147.827	0.12204
130.499	0.154213
130.499	0.110328
130.499	0.190535
65.2068	0.0800147
65.2068	0.0800143
158.451	0.0988937
158.451	0.098894
183.91	0.0337433
183.91	0.0337437
64.8595	0.120195
64.8595	0.0929893
65.5812	0.0944224
65.5812	0.0944227
162.821	0.208168
194.77	0.0471551
194.77	0.0471554
171.075	0.0797846
171.075	0.0797849
17.6877	0.226251
17.6877	0.095611
17.6877	0.130777
82.5923	0.117025
11.4532	0.0601917
11.4532	0.0601914
77.4006	0.105905
77.4006	0.120609
32.3153	0.0776779
32.3153	0.0776776
102.237	0.0506923
102.237	0.0506925
167.099	0.0631913
167.099	0.063191
53.0735	0.110202
53.0735	0.110202
9.96155	0.0920712
150.861	0.0498326
150.861	0.0498325
188.993	0.0374934
188.993	0.0374936
127.407	0.067771
127.407	0.0677709
57.5677	0.0603787
57.5677	0.0603789
42.4195	0.119124
42.4195	0.144571
85.3556	0.0314511
85.3556	0.0314509
176.091	0.123385
152.952	0.0805348
152.952	0.0805346
29.9655	0.0243176
182.959	0.0638403
182.959	0.0638407
47.046	0.0673076
47.046	0.067308
114.522	0.091415
114.522	0.0914147
127.908	0.0908199
127.908	0.0908202
172.698	0.0831552
175.428	0.0398722
67.8518	0.0724856
67.8518	0.0724855
114.764	0.199168
167.036	0.0866241
167.036	0.0866238
52.349	0.0591771
52.349	0.059177
47.7691	0.153958
47.7691	0.149307
47.7691	0.149307
71.0594	0.116009
71.0594	0.116009
148.739	0.0658719
148.739	0.0658714
190.179	0.196617
190.179	0.104905
190.179	0.104905
76.3474	0.0984594
76.3474	0.098459
43.3047	0.0687489
43.3047	0.0687495
195.863	0.0685775
199.35	0.179133
199.35	0.0848033
20.5256	0.124491
20.5256	0.111315
3.87693	0.132997
89.6695	0.112116
89.6695	0.113836
148.71	0.0955774
148.71	0.131612
127.883	0.0759218
127.883	0.0759219
128.964	0.209609
29.8425	0.125808
29.8425	0.182275
168.724	0.0840207
168.724	0.0840209
185.184	0.0969264
185.184	0.0969266
134.764	0.0481328
134.764	0.0481325
5.64822	0.053368
26.0235	0.157288
26.0235	0.0462082
137.337	0.0996514
137.337	0.0996516
57.0512	0.100603
57.0512	0.275686
57.0512	0.100603
193.617	0.105806
193.617	0.234767
30.0968	0.0572329
30.0968	0.057233
134.854	0.0633915
134.854	0.0633914
104.471	0.100424
89.2502	0.0568468
89.2502	0.0568465
98.8177	0.107074
98.8177	0.107074
133.211	0.11459
133.211	0.11459
190.132	0.11876
190.132	0.118761
64.2014	0.092762
64.2014	0.0927618
141.408	0.0886896
141.408	0.0886897
107.017	0.0974333
138.79	0.110624
138.79	0.110624
107.049	0.041669
107.049	0.0416688
157.003	0.104823
157.003	0.104823
183.931	0.150809
37.4195	0.0675576
37.4195	0.0675573
37.4195	0.234169
26.2494	0.0516407
26.2494	0.0516405
7.2023	0.0563061
7.2023	0.220505
78.5737	0.118291
78.5737	0.118291
42.8556	0.0135313
42.8556	0.0135311
190.396	0.0295987
190.396	0.0295985
187.804	0.104053
187.804	0.268906
139.763	0.0966129
184.372	0.00946137
184.372	0.00946161
178.886	0.0366695
178.886	0.0366691
32.8612	0.0845192
32.8612	0.21918
32.8612	0.0845195
134.005	0.167802
134.005	0.134312
125.329	0.110273
125.329	0.150215
86.4187	0.0307633
32.3811	0.160991
32.3811	0.140954
120.737	0.0967643
120.737	0.0967646
23.1343	0.118801
23.1343	0.118922
106.043	0.100279
106.043	0.100279
39.4981	0.0309345
39.4981	0.0309349
3.0805	0.234214
117.952	0.029505
117.952	0.0295053
125.225	0.0871451
125.225	0.0871446
172.387	0.081765
172.387	0.081765
52.8936	0.127888
41.1321	0.00456358
41.1321	0.00456391
78.6664	0.050228
78.6664	0.0502278
174.471	0.0948865
174.471	0.094886
140.825	0.0904315
140.825	0.0904311
117.97	0.0700211
45.0062	0.0986276
45.0062	0.207208
45.0062	0.0986279
48.2996	0.0872595
48.2996	0.0872591
185.986	0.163341
185.986	0.0873939
138.353	0.142214
138.353	0.0861721
42.5869	0.0775507
165.378	0.106936
133.872	0.0650107
42.9473	0.0326235
42.9473	0.0326237
174.462	0.104099
174.462	0.196876
174.462	0.1041
89.8989	0.0548685
89.8989	0.0548688
188.809	0.0910063
188.809	0.215527
188.809	0.0910064
111.791	0.10739
111.791	0.10739
55.7246	0.074541
55.7246	0.0745408
77.113	0.121992
168.996	0.0390557
168.996	0.0390562
12.1335	0.0971909
179.19	0.123982
179.19	0.123982
112.083	0.104874
112.083	0.104874
42.1443	0.0679118
119.851	0.0535417
119.851	0.0535417
61.9228	0.0815792
61.9228	0.156833
61.9228	0.17743
24.8479	0.0321891
34.6968	0.110163
34.6968	0.121215
46.4349	0.109821
46.4349	0.109821
18.177	0.0915407
18.177	0.0915408
96.6329	0.056519
96.6329	0.0565191
160.122	0.0971095
160.122	0.0971091
128.588	0.0235171
128.588	0.0235168
113.656	0.0698491
113.656	0.0698491
38.6316	0.0421661
38.6316	0.0421663
30.2994	0.296466
30.2994	0.116975
30.2994	0.163812
30.2994	0.145062
169.724	0.0896298
169.724	0.0896297
158.959	0.086812
158.959	0.0868118
62.2588	0.0510935
62.2588	0.0510936
166.055	0.0644149
166.055	0.0644151
10.4777	0.0984508
10.4777	0.155344
192.781	0.149857
192.781	0.150735
49.106	0.136935
49.106	0.131215
59.1168	0.154954
59.1168	0.148229
59.1168	0.152493
194.499	0.0814613
194.499	0.0814616
20.9994	0.0852499
20.9994	0.0852497
156.364	0.0987054
189.163	0.191663
189.163	0.0852936
86.7925	0.0645548
86.7925	0.0645545
67.5553	0.10539
118.246	0.115387
118.246	0.193881
118.246	0.115387
182.584	0.116429
182.584	0.115517
100.854	0.11307
100.854	0.11307
128.535	0.0855894
128.535	0.085589
176.55	0.117953
176.55	0.184249
176.55	0.117953
170.685	0.10234
170.685	0.10234
30.5858	0.126866
30.5858	0.115315
59.2149	0.107983
59.2149	0.107983
113.817	0.0705595
113.817	0.0705596
91.7853	0.129323
91.7853	0.129323
91.7853	0.173779
196.387	0.0615359
196.387	0.0615354
7.94541	0.203224
114.888	0.0503636
114.888	0.0503636
104.325	0.0826133
104.325	0.0826136
145.102	0.0402362
145.102	0.0402359
25.7423	0.0399139
25.7423	0.0399143
160.869	0.114564
160.869	0.102059
91.8123	0.115504
91.8123	0.115504
120.785	0.123368
120.785	0.0811401
170.908	0.0773304
170.908	0.123007
182.012	0.0695242
182.012	0.0695243
22.114	0.0377422
22.114	0.037742
24.4981	0.0778258
24.4981	0.0778254
107.564	0.0878824
107.564	0.0878818
163.039	0.101216
163.039	0.102874
48.5099	0.126907
48.5099	0.126907
86.1273	0.0914314
86.1273	0.0914311
179.831	0.0670272
179.831	0.0670267
179.831	0.237337
32.5177	0.102156
32.5177	0.102156
181.841	0.0484899
181.841	0.0484899
109.655	0.0721495
109.655	0.0721494
20.3247	0.107192
105.787	0.085799
105.787	0.0857989
188.471	0.117841
70.2769	0.0495208
167.23	0.0214437
167.23	0.0214434
60.6858	0.0915023
60.6858	0.0915025
196.333	0.061312
196.333	0.0613119
64.3111	0.108151
152.597	0.0486102
152.597	0.04861
12.4881	0.0738677
134.164	0.0383348
134.164	0.0383349
119.184	0.0703936
119.184	0.0703936
57.7977	0.185518
57.7977	0.116832
114.546	0.0914608
114.546	0.0914605
127.579	0.0623493
127.579	0.0623497
164.547	0.134101
164.547	0.124166
182.927	0.109503
182.927	0.109503
112.882	0.106566
112.882	0.106566
132.903	0.0593193
132.903	0.0593191
193.908	0.0713868
193.908	0.0713868
35.1969	0.0743587
35.1969	0.0743585
100.816	0.119795
98.8266	0.0665735
98.8266	0.0665732
12.3664	0.133129
12.3664	0.0945577
112.865	0.108846
112.865	0.108846
122.328	0.0654924
122.328	0.0654927
185.699	0.0893366
180.683	0.0449789
180.683	0.0449785
140.992	0.0433313
140.992	0.043331
54.2249	0.107247
54.2249	0.156508
18.2222	0.0429996
160.926	0.0577181
83.9579	0.121117
83.9579	0.121117
25.795	0.0452343
25.795	0.0452345
62.5918	0.0589446
62.5918	0.0589447
146.532	0.0794052
146.532	0.0794053
100.84	0.0654507
100.84	0.0654506
153.277	0.0225134
199.928	0.0783777
199.928	0.0783772
158.328	0.0111459
158.328	0.291401
158.328	0.0111464
104.858	0.0217589
104.858	0.0217589
93.8947	0.150995
93.8947	0.244414
56.6124	0.0980351
56.6124	0.0980354
177.37	0.0708492
177.37	0.297426
177.37	0.070849
107.787	0.0622722
107.787	0.0622725
144.384	0.0339281
30.6336	0.0657215
30.6336	0.0657218
104.646	0.199144
104.646	0.199144
67.7671	0.0295375
67.7671	0.0295372
22.8264	0.0152659
22.8264	0.0152657
130.27	0.0865362
130.27	0.0865361
59.5303	0.047538
59.5303	0.0475381
116.859	0.0902959
116.859	0.0902956
73.6253	0.0652105
73.6253	0.0652106
145.65	0.0564281
145.65	0.0564278
40.8201	0.0192041
40.8201	0.0192044
179.487	0.0700632
32.7568	0.112205
32.7568	0.112205
146.436	0.0869366
146.436	0.0869364
71.2775	0.0842263
71.2775	0.0842262
198.599	0.0777225
198.599	0.0777222
107.753	0.0838083
107.753	0.083808
185.276	0.0487404
185.276	0.0487402
161.236	0.103867
184.767	0.191607
184.767	0.0667057
195.302	0.0925921
195.302	0.0925923
28.9911	0.060122
28.9911	0.0601217
86.3574	0.10165
112.876	0.0920282
112.876	0.0920284
156.073	0.104302
156.073	0.104302
125.461	0.049427
125.461	0.0494267
172.818	0.0949162
172.818	0.0949162
129.061	0.113527
129.061	0.185849
129.061	0.128985
96.8706	0.0796761
96.8706	0.0796762
179.037	0.0639625
179.037	0.0639623
144.421	0.135377
144.421	0.140033
117.684	0.0766268
117.684	0.0766265
100.551	0.0876463
100.551	0.0876467
178.129	0.172775
178.129	0.108925
119.085	0.0829084
119.085	0.223751
119.085	0.0829086
5.40203	0.118853
107.145	0.102738
107.145	0.226918
107.145	0.102738
65.827	0.150463
65.827	0.179914
65.827	0.0810963
52.1889	0.131371
52.1889	0.169932
32.9036	0.101501
32.9036	0.101501
135.262	0.0729362
135.262	0.0729358
89.5067	0.0958356
89.5067	0.0958353
89.5067	0.204929
86.3727	0.136084
86.3727	0.126299
184.892	0.0724766
184.892	0.0724768
142.88	0.109801
142.88	0.109801
86.6938	0.0842831
86.6938	0.0842832
169.953	0.110977
169.953	0.207486
169.953	0.120713
21.4437	0.142239
21.4437	0.142239
99.9041	0.0517578
92.1288	0.100325
92.1288	0.127096
157.304	0.0568814
122.69	0.0962987
122.69	0.0962983
47.1445	0.0871913
47.1445	0.0871912
18.997	0.0766855
196.006	0.0806893
196.006	0.0806894
97.5098	0.0891165
97.5098	0.0891162
38.835	0.0898326
38.835	0.21818
38.835	0.0898326
109.121	0.104945
109.121	0.104946
170.395	0.0761651
170.395	0.0761651
165.451	0.0626013
165.451	0.0626012
100.751	0.071994
59.8069	0.0595104
59.8069	0.0595107
161.967	0.0541311
161.967	0.0541311
178.564	0.0985009
178.564	0.0985006
147.496	0.106529
147.496	0.11312
95.8636	0.0917661
95.8636	0.117881
11.8734	0.2954
11.8734	0.107788
11.8734	0.107788
57.501	0.142144
57.501	0.108629
21.4189	0.0572328
21.4189	0.204676
12.1069	0.16763
66.7091	0.14768
66.7091	0.125052
61.914	0.0948904
61.914	0.0948904
5.68822	0.12306
5.68822	0.129698
62.2315	0.104106
62.2315	0.104106
121.502	0.0530714
145.619	0.0669774
145.619	0.0669776
88.2103	0.0582016
88.2103	0.0582015
177.828	0.0511037
177.828	0.0511035
104.294	0.129228
104.294	0.158716
145.771	0.0951915
145.771	0.095191
9.60725	0.158872
184.8	0.214851
184.8	0.09909
184.8	0.0990901
187.908	0.0831258
187.908	0.0831257
98.5502	0.162422
98.5502	0.138575
98.5502	0.138575
144.188	0.0773993
144.188	0.0773996
8.25042	0.0922218
194.513	0.0700601
194.513	0.0700605
37.3296	0.148281
37.3296	0.110245
100.919	0.119444
100.919	0.119445
55.5315	0.00508595
55.5315	0.00508614
175.761	0.146702
175.761	0.148773
66.8604	0.093879
66.8604	0.0938793
113.907	0.111553
113.907	0.111554
77.8229	0.0861494
77.8229	0.0861495
79.7386	0.0853528
79.7386	0.085353
123.791	0.0787941
94.1565	0.0482464
94.1565	0.048246
140.41	0.115886
140.41	0.115887
82.7376	0.0398984
82.7376	0.0398985
177.593	0.118703
177.593	0.118702
138.289	0.0420788
138.289	0.0420785
105.528	0.0348527
105.528	0.23329
96.1254	0.105986
96.1254	0.105986
73.7014	0.108319
73.7014	0.16602
106.128	0.0515665
106.128	0.0515664
80.0368	0.0800796
80.0368	0.274081
80.0368	0.0800795
34.1437	0.119661
34.1437	0.0809003
31.1654	0.121766
31.1654	0.178831
182.962	0.0939982
182.962	0.0939981
182.962	0.206674
55.4362	0.11309
55.4362	0.11309
184.871	0.0897706
184.871	0.0897703
60.4632	0.098795
60.4632	0.121238
151.681	0.0929633
151.681	0.092963
143.851	0.125339
143.851	0.128382
153.564	0.0949106
153.564	0.226009
153.564	0.094911
174.971	0.107077
174.971	0.107077
115.497	0.0890576
115.497	0.0890577
145.029	0.113971
145.029	0.113971
41.602	0.0733255
41.602	0.0733253
124.845	0.165313
124.845	0.0796869
149.298	0.0685536
149.298	0.0685538
68.0222	0.122455
68.0222	0.119212
79.9748	0.0996921
79.9748	0.0996918
59.5899	0.112318
59.5899	0.112318
100.46	0.13067
90.5394	0.0465914
149.485	0.0389264
149.485	0.0389267
161.088	0.0957712
161.088	0.0957711
161.088	0.244074
168.563	0.0828863
168.563	0.0828859
12.4009	0.195342
27.1096	0.0818767
27.1096	0.0818764
148.91	0.0870625
148.91	0.0870627
111.521	0.112551
111.521	0.112552
31.3994	0.0985962
31.3994	0.0985964
149.515	0.085667
149.515	0.0856673
98.5108	0.00101281
98.5108	0.00101233
135.19	0.111299
135.19	0.1113
3.90355	0.219138
93.7452	0.0908276
93.7452	0.090828
9.84629	0.190679
9.84629	0.0634392
159.202	0.0281138
159.202	0.0281141
7.3453	0.150632
131.373	0.102277
131.373	0.102277
34.9766	0.0788294
34.9766	0.0788297
69.0533	0.0981876
69.0533	0.0981875
88.8058	0.0164769
88.8058	0.0164765
76.0997	0.193859
76.0997	0.0749785
196.975	0.0983754
196.975	0.0983751
81.1153	0.146009
15.7768	0.083075
15.7768	0.28098
149.11	0.138213
96.328	0.0315574
96.328	0.0315575
156.661	0.11638
156.661	0.11638
90.886	0.0553745
90.886	0.0553748
137.332	0.0319958
137.332	0.0319954
114.991	0.278335
114.991	0.0676992
153.475	0.116267
153.475	0.144087
153.475	0.165282
185.929	0.0998775
185.929	0.0998777
187.031	0.083669
187.031	0.0836689
150.413	0.0433435
150.413	0.0433439
77.5888	0.0900016
77.5888	0.0900011
14.9558	0.0598432
14.9558	0.0598436
77.7358	0.041202
77.7358	0.0412023
66.8639	0.108942
66.8639	0.108941
187.961	0.0684963
187.961	0.0684967
91.4677	0.0843063
91.4677	0.0843065
30.1119	0.293767
140.091	0.152755
140.091	0.120511
96.7339	0.134037
96.7339	0.134037
29.0124	0.169021
113.93	0.117757
113.93	0.117757
51.3418	0.088136
51.3418	0.088136
149.945	0.0604191
149.945	0.0604192
189.418	0.0929534
189.418	0.208836
189.418	0.178411
10.6388	0.0761761
10.6388	0.0761761
89.6885	0.0556891
89.6885	0.0556891
37.7766	0.0923149
37.7766	0.0923146
67.6485	0.0500099
67.6485	0.0500096
132.913	0.0687069
132.913	0.068707
196.859	0.00373184
196.859	0.00373152
185.4	0.0836386
185.4	0.0836385
70.9939	0.131733
70.9939	0.0970891
105.294	0.0910326
105.294	0.0910324
42.3207	0.0816729
42.3207	0.0816726
25.3122	0.105477
78.8717	0.142939
78.8717	0.136283
65.421	0.0622309
65.421	0.0622312
93.8325	0.0370932
93.8325	0.0370934
170.456	0.148986
159.779	0.115527
159.779	0.115526
85.86	0.0805937
84.4241	0.0347228
175.381	0.029075
175.381	0.0290753
197.314	0.143794
197.314	0.156936
48.3832	0.049808
132.191	0.108973
85.5282	0.1218
85.5282	0.1218
68.0882	0.0342477
68.0882	0.0342481
170.324	0.0684244
170.324	0.0684245
97.8787	0.118759
181.643	0.0986294
181.643	0.0986293
163.891	0.0645198
163.891	0.0645193
124.574	0.228494
124.574	0.0246736
152.19	0.138569
152.19	0.138569
158.476	0.0973923
158.476	0.0973918
155.814	0.0997766
155.814	0.0997763
189.484	0.0647099
189.484	0.0647101
185.767	0.0803933
185.767	0.0803931
67.8151	0.208237
